19 63 0 
22 68 0 
22 65 0 
19 65 0 
22 65 0 
22 65 0 
19 64 0 
19 65 0 
22 65 0 
22 64 0 
20 67 0 
21 67 0 
19 65 0 
22 67 0 
19 67 0 
22 68 0 
22 67 0 
22 63 0 
20 67 0 
22 65 0 
21 67 0 
19 67 0 
20 64 0 
21 64 0 
20 66 0 
20 64 0 
21 66 0 
22 65 0 
22 68 0 
22 66 0 
20 66 0 
20 65 0 
21 63 0 
21 65 0 
22 68 0 
20 65 0 
22 64 0 
21 65 0 
20 67 0 
20 67 0 
22 66 0 
21 66 0 
19 64 0 
19 63 0 
22 67 0 
19 68 0 
20 66 0 
19 65 0 
20 64 0 
22 66 0 
21 63 0 
21 67 0 
20 68 0 
19 63 0 
19 63 0 
21 65 0 
20 67 0 
21 63 0 
22 68 0 
19 63 0 
20 67 0 
20 63 0 
19 65 0 
19 67 0 
19 64 0 
22 64 0 
21 64 0 
22 67 0 
20 68 0 
21 65 0 
20 66 0 
19 66 0 
22 68 0 
22 66 0 
21 65 0 
19 67 0 
20 63 0 
22 63 0 
21 66 0 
21 65 0 
22 66 0 
19 67 0 
22 68 0 
22 67 0 
22 66 0 
20 66 0 
20 67 0 
22 65 0 
20 65 0 
22 63 0 
21 63 0 
21 67 0 
22 68 0 
19 64 0 
22 68 0 
19 63 0 
21 65 0 
19 67 0 
20 64 0 
22 65 0 
22 65 0 
22 68 0 
19 65 0 
22 64 0 
21 67 0 
20 67 0 
22 64 0 
20 68 0 
22 68 0 
22 63 0 
21 63 0 
19 65 0 
19 65 0 
22 65 0 
22 65 0 
20 66 0 
19 63 0 
22 63 0 
21 68 0 
20 67 0 
22 68 0 
21 66 0 
20 65 0 
21 68 0 
19 68 0 
20 64 0 
20 64 0 
21 67 0 
21 63 0 
19 65 0 
21 68 0 
22 66 0 
19 64 0 
21 64 0 
22 68 0 
19 63 0 
20 65 0 
20 66 0 
19 66 0 
22 68 0 
19 66 0 
19 67 0 
21 66 0 
20 67 0 
19 67 0 
22 63 0 
21 66 0 
20 66 0 
20 64 0 
21 63 0 
21 66 0 
20 64 0 
20 63 0 
21 65 0 
22 66 0 
22 63 0 
20 63 0 
22 66 0 
21 64 0 
20 63 0 
21 66 0 
19 63 0 
22 66 0 
20 67 0 
19 66 0 
21 68 0 
20 66 0 
21 65 0 
21 65 0 
20 63 0 
22 66 0 
21 67 0 
19 63 0 
21 63 0 
19 63 0 
21 68 0 
19 68 0 
19 65 0 
20 68 0 
20 67 0 
20 68 0 
22 63 0 
21 63 0 
20 66 0 
22 64 0 
22 68 0 
19 63 0 
20 68 0 
19 63 0 
20 68 0 
21 65 0 
20 68 0 
20 64 0 
20 65 0 
22 67 0 
20 64 0 
22 68 0 
22 63 0 
21 65 0 
21 64 0 
22 64 0 
22 64 0 
21 64 0 
22 67 0 
22 68 0 
20 67 0 
21 64 0 
20 66 0 
21 65 0 
21 65 0 
22 67 0 
22 67 0 
19 66 0 
19 66 0 
19 66 0 
22 63 0 
22 64 0 
21 65 0 
20 64 0 
19 67 0 
22 66 0 
21 65 0 
20 67 0 
21 67 0 
22 68 0 
19 68 0 
22 63 0 
20 65 0 
21 63 0 
21 66 0 
21 64 0 
21 63 0 
22 64 0 
21 68 0 
19 68 0 
19 64 0 
20 66 0 
21 66 0 
22 64 0 
20 67 0 
19 68 0 
20 64 0 
19 63 0 
21 66 0 
21 64 0 
19 64 0 
21 63 0 
22 66 0 
22 63 0 
20 63 0 
20 66 0 
19 67 0 
20 66 0 
22 68 0 
19 66 0 
20 64 0 
20 68 0 
19 65 0 
20 65 0 
22 63 0 
19 68 0 
21 68 0 
21 64 0 
19 68 0 
22 67 0 
22 68 0 
21 67 0 
22 66 0 
22 65 0 
19 63 0 
19 66 0 
21 63 0 
20 65 0 
21 63 0 
19 67 0 
22 68 0 
19 64 0 
19 64 0 
22 64 0 
22 64 0 
21 65 0 
21 67 0 
19 67 0 
21 65 0 
22 67 0 
21 65 0 
21 67 0 
20 67 0 
21 67 0 
21 64 0 
22 68 0 
21 65 0 
20 64 0 
22 68 0 
19 64 0 
19 63 0 
20 68 0 
19 64 0 
22 64 0 
19 64 0 
19 65 0 
22 64 0 
22 68 0 
20 64 0 
21 67 0 
19 66 0 
22 66 0 
19 68 0 
20 64 0 
21 64 0 
19 64 0 
20 67 0 
19 64 0 
20 67 0 
21 65 0 
20 63 0 
19 64 0 
21 66 0 
22 66 0 
21 67 0 
21 66 0 
19 65 0 
19 63 0 
21 67 0 
21 63 0 
20 67 0 
21 67 0 
19 63 0 
22 64 0 
22 66 0 
22 67 0 
20 68 0 
20 63 0 
19 67 0 
21 64 0 
19 68 0 
20 63 0 
22 63 0 
21 65 0 
22 64 0 
20 65 0 
19 68 0 
19 64 0 
19 65 0 
21 66 0 
19 64 0 
19 64 0 
20 65 0 
22 65 0 
22 63 0 
19 68 0 
19 67 0 
20 65 0 
19 63 0 
20 67 0 
19 68 0 
21 67 0 
19 65 0 
19 68 0 
21 67 0 
19 65 0 
22 65 0 
21 64 0 
19 67 0 
19 68 0 
21 63 0 
19 67 0 
20 66 0 
19 67 0 
22 65 0 
19 67 0 
22 67 0 
19 64 0 
19 67 0 
22 66 0 
20 65 0 
22 63 0 
20 65 0 
20 68 0 
22 66 0 
22 65 0 
20 63 0 
19 64 0 
19 63 0 
19 64 0 
20 66 0 
19 63 0 
22 66 0 
20 63 0 
20 68 0 
19 68 0 
20 67 0 
20 65 0 
20 64 0 
19 66 0 
19 67 0 
22 64 0 
20 65 0 
21 66 0 
19 66 0 
22 67 0 
20 67 0 
20 67 0 
20 64 0 
22 65 0 
21 68 0 
20 67 0 
21 63 0 
22 64 0 
22 64 0 
20 67 0 
20 65 0 
20 63 0 
20 65 0 
21 66 0 
20 63 0 
20 68 0 
22 64 0 
22 64 0 
22 65 0 
22 68 0 
22 65 0 
19 67 0 
20 68 0 
19 63 0 
22 67 0 
21 64 0 
21 68 0 
20 67 0 
20 67 0 
21 65 0 
22 63 0 
19 66 0 
19 63 0 
21 68 0 
19 67 0 
20 67 0 
19 65 0 
21 66 0 
20 64 0 
21 65 0 
21 65 0 
19 66 0 
20 66 0 
22 63 0 
21 63 0 
20 64 0 
22 66 0 
21 67 0 
22 65 0 
20 68 0 
19 66 0 
19 68 0 
21 64 0 
22 67 0 
21 68 0 
22 68 0 
22 64 0 
22 68 0 
19 66 0 
21 66 0 
22 65 0 
21 64 0 
19 68 0 
20 65 0 
19 66 0 
21 68 0 
22 68 0 
21 64 0 
19 67 0 
22 67 0 
20 63 0 
19 67 0 
22 64 0 
22 63 0 
21 63 0 
19 65 0 
19 64 0 
21 63 0 
21 63 0 
22 63 0 
19 65 0 
22 65 0 
21 68 0 
20 65 0 
22 66 0 
20 65 0 
20 65 0 
20 66 0 
20 66 0 
22 68 0 
19 65 0 
22 66 0 
20 64 0 
20 68 0 
21 67 0 
20 64 0 
21 68 0 
20 64 0 
20 68 0 
21 66 0 
20 66 0 
22 64 0 
21 64 0 
21 66 0 
20 66 0 
19 67 0 
20 65 0 
19 65 0 
22 67 0 
22 63 0 
22 64 0 
21 66 0 
21 64 0 
22 68 0 
21 64 0 
20 64 0 
19 68 0 
22 66 0 
20 67 0 
22 63 0 
22 65 0 
22 65 0 
20 63 0 
22 67 0 
21 63 0 
19 68 0 
20 66 0 
19 66 0 
19 67 0 
22 68 0 
22 63 0 
21 65 0 
19 66 0 
21 65 0 
20 65 0 
22 68 0 
19 64 0 
21 67 0 
20 67 0 
22 68 0 
19 64 0 
22 66 0 
20 68 0 
20 68 0 
20 65 0 
22 63 0 
22 63 0 
19 65 0 
22 68 0 
19 66 0 
21 68 0 
22 64 0 
22 64 0 
20 66 0 
22 63 0 
21 65 0 
22 66 0 
20 68 0 
21 65 0 
21 67 0 
19 64 0 
19 64 0 
22 68 0 
19 65 0 
22 64 0 
19 67 0 
20 67 0 
22 65 0 
19 66 0 
21 67 0 
21 65 0 
21 67 0 
21 63 0 
21 64 0 
19 63 0 
22 67 0 
21 68 0 
21 67 0 
20 66 0 
22 67 0 
19 64 0 
19 65 0 
19 68 0 
22 68 0 
22 68 0 
22 67 0 
22 67 0 
19 66 0 
20 63 0 
21 63 0 
22 63 0 
19 67 0 
21 64 0 
20 67 0 
19 66 0 
22 66 0 
19 63 0 
21 65 0 
21 63 0 
22 65 0 
20 67 0 
20 63 0 
19 67 0 
19 64 0 
20 68 0 
20 67 0 
19 63 0 
20 66 0 
19 66 0 
20 67 0 
20 64 0 
19 65 0 
20 65 0 
22 64 0 
19 68 0 
21 65 0 
21 66 0 
19 64 0 
19 63 0 
20 64 0 
20 65 0 
21 63 0 
21 65 0 
20 66 0 
19 65 0 
20 66 0 
21 66 0 
19 67 0 
21 68 0 
22 65 0 
19 67 0 
21 68 0 
19 67 0 
19 63 0 
22 66 0 
20 68 0 
21 64 0 
21 67 0 
21 63 0 
20 65 0 
22 66 0 
21 65 0 
21 63 0 
20 65 0 
19 64 0 
21 68 0 
20 68 0 
20 63 0 
20 63 0 
20 66 0 
21 64 0 
21 67 0 
21 63 0 
20 68 0 
22 63 0 
20 68 0 
19 67 0 
19 63 0 
20 65 0 
19 66 0 
21 65 0 
22 68 0 
19 63 0 
19 63 0 
19 68 0 
21 64 0 
19 63 0 
20 64 0 
22 66 0 
22 63 0 
20 64 0 
20 65 0 
22 66 0 
22 67 0 
19 66 0 
21 63 0 
19 67 0 
22 67 0 
22 64 0 
21 65 0 
21 64 0 
20 68 0 
20 63 0 
21 66 0 
19 63 0 
19 67 0 
19 66 0 
20 67 0 
20 63 0 
22 65 0 
21 68 0 
19 65 0 
21 68 0 
21 68 0 
19 68 0 
20 66 0 
20 66 0 
19 67 0 
21 66 0 
20 64 0 
21 68 0 
19 65 0 
20 64 0 
19 67 0 
20 64 0 
22 64 0 
22 67 0 
20 66 0 
20 64 0 
19 63 0 
22 65 0 
22 68 0 
22 64 0 
19 64 0 
21 66 0 
20 65 0 
19 67 0 
21 63 0 
22 63 0 
22 64 0 
22 64 0 
20 64 0 
19 66 0 
22 65 0 
19 65 0 
20 65 0 
21 66 0 
20 64 0 
19 63 0 
19 66 0 
20 67 0 
19 66 0 
21 65 0 
22 64 0 
21 67 0 
21 65 0 
22 67 0 
22 63 0 
19 64 0 
19 65 0 
22 64 0 
20 63 0 
22 66 0 
22 66 0 
22 65 0 
21 66 0 
19 66 0 
19 68 0 
20 64 0 
22 66 0 
22 68 0 
20 63 0 
21 64 0 
21 64 0 
22 63 0 
21 67 0 
22 63 0 
22 63 0 
21 66 0 
20 67 0 
19 65 0 
19 68 0 
21 67 0 
21 63 0 
19 64 0 
21 63 0 
20 68 0 
19 67 0 
22 67 0 
21 64 0 
20 68 0 
21 66 0 
22 67 0 
19 68 0 
20 67 0 
22 65 0 
22 65 0 
22 63 0 
22 64 0 
21 66 0 
22 63 0 
22 66 0 
19 65 0 
21 68 0 
22 63 0 
21 65 0 
22 63 0 
22 67 0 
19 65 0 
19 64 0 
21 65 0 
19 67 0 
20 65 0 
22 68 0 
22 67 0 
22 65 0 
21 67 0 
19 68 0 
20 64 0 
20 68 0 
20 66 0 
22 65 0 
19 66 0 
22 67 0 
19 67 0 
22 68 0 
19 65 0 
20 68 0 
20 63 0 
19 66 0 
22 68 0 
22 64 0 
21 68 0 
22 65 0 
22 65 0 
22 68 0 
20 63 0 
21 65 0 
20 67 0 
19 66 0 
20 63 0 
20 66 0 
19 64 0 
21 68 0 
22 63 0 
20 64 0 
21 63 0 
19 64 0 
21 64 0 
20 67 0 
21 65 0 
20 67 0 
22 68 0 
20 63 0 
20 68 0 
22 67 0 
21 64 0 
20 65 0 
20 66 0 
22 68 0 
22 68 0 
19 65 0 
20 66 0 
22 68 0 
22 65 0 
21 63 0 
21 66 0 
21 68 0 
19 66 0 
19 68 0 
19 67 0 
19 68 0 
19 65 0 
19 68 0 
22 64 0 
19 68 0 
21 67 0 
22 64 0 
22 63 0 
19 64 0 
22 68 0 
21 63 0 
19 63 0 
19 68 0 
22 67 0 
20 68 0 
21 64 0 
22 65 0 
21 68 0 
21 68 0 
22 66 0 
19 67 0 
19 64 0 
22 66 0 
19 66 0 
22 66 0 
19 67 0 
19 66 0 
22 68 0 
20 68 0 
20 64 0 
21 63 0 
19 68 0 
19 67 0 
19 68 0 
22 66 0 
22 66 0 
20 65 0 
22 68 0 
19 64 0 
19 64 0 
22 63 0 
21 65 0 
20 64 0 
19 63 0 
22 67 0 
19 63 0 
20 67 0 
20 65 0 
21 63 0 
22 63 0 
22 64 0 
21 68 0 
20 63 0 
20 63 0 
21 66 0 
19 67 0 
20 67 0 
19 63 0 
20 63 0 
21 67 0 
19 66 0 
21 68 0 
19 66 0 
20 63 0 
21 63 0 
20 65 0 
20 65 0 
20 63 0 
20 68 0 
20 65 0 
19 67 0 
22 67 0 
21 67 0 
20 67 0 
19 64 0 
20 68 0 
19 65 0 
22 67 0 
22 65 0 
20 66 0 
19 65 0 
20 68 0 
22 67 0 
21 67 0 
19 63 0 
19 64 0 
22 64 0 
20 64 0 
22 64 0 
19 65 0 
21 64 0 
20 63 0 
20 63 0 
20 66 0 
19 67 0 
19 66 0 
19 66 0 
19 68 0 
22 67 0 
19 65 0 
19 67 0 
19 64 0 
22 66 0 
22 68 0 
22 63 0 
21 64 0 
21 65 0 
22 64 0 
20 68 0 
21 67 0 
21 67 0 
21 63 0 
21 68 0 
19 65 0 
21 65 0 
22 64 0 
22 66 0 
19 64 0 
19 68 0 
19 65 0 
20 63 0 
20 65 0 
21 65 0 
21 64 0 
21 68 0 
20 64 0 
19 63 0 
19 65 0 
20 68 0 
19 66 0 
19 66 0 
19 68 0 
21 63 0 
20 66 0 
21 65 0 
19 63 0 
19 63 0 
20 64 0 
19 63 0 
21 65 0 
21 66 0 
22 66 0 
22 68 0 
20 65 0 
21 66 0 
19 67 0 
19 65 0 
21 67 0 
85 90 1 
95 93 1 
92 93 1 
92 90 1 
88 91 1 
85 93 1 
95 90 1 
87 92 1 
95 90 1 
93 90 1 
85 90 1 
87 91 1 
94 91 1 
93 92 1 
87 90 1 
95 90 1 
94 91 1 
95 93 1 
95 92 1 
86 90 1 
90 91 1 
86 90 1 
95 91 1 
94 92 1 
94 92 1 
91 92 1 
92 92 1 
92 93 1 
90 93 1 
86 90 1 
87 92 1 
94 93 1 
85 92 1 
90 92 1 
92 92 1 
89 92 1 
94 93 1 
87 90 1 
92 92 1 
91 91 1 
93 90 1 
91 91 1 
95 92 1 
94 93 1 
92 93 1 
89 90 1 
93 90 1 
88 92 1 
94 93 1 
93 93 1 
88 90 1 
91 92 1 
86 90 1 
95 93 1 
93 92 1 
87 91 1 
86 92 1 
94 91 1 
93 90 1 
94 91 1 
89 92 1 
91 90 1 
90 91 1 
94 90 1 
92 91 1 
90 90 1 
95 93 1 
94 90 1 
94 93 1 
93 91 1 
93 92 1 
94 91 1 
87 91 1 
85 92 1 
91 93 1 
92 91 1 
86 93 1 
89 93 1 
87 92 1 
91 93 1 
90 90 1 
94 93 1 
94 90 1 
93 90 1 
93 91 1 
86 92 1 
89 91 1 
91 91 1 
91 91 1 
91 90 1 
90 93 1 
90 93 1 
86 90 1 
95 90 1 
90 92 1 
90 92 1 
90 93 1 
87 92 1 
88 92 1 
94 92 1 
87 91 1 
95 92 1 
87 90 1 
85 90 1 
87 91 1 
91 93 1 
94 91 1 
85 90 1 
93 92 1 
93 91 1 
94 92 1 
86 91 1 
90 92 1 
94 93 1 
91 92 1 
88 92 1 
85 90 1 
93 92 1 
92 93 1 
94 90 1 
93 92 1 
85 90 1 
92 91 1 
93 92 1 
88 93 1 
87 91 1 
93 91 1 
92 90 1 
93 92 1 
94 91 1 
92 93 1 
94 90 1 
88 91 1 
88 90 1 
90 91 1 
85 90 1 
85 93 1 
89 91 1 
89 92 1 
85 92 1 
94 93 1 
85 90 1 
94 90 1 
87 93 1 
85 93 1 
95 90 1 
92 93 1 
87 91 1 
94 91 1 
89 91 1 
85 93 1 
90 91 1 
91 91 1 
88 93 1 
92 91 1 
93 91 1 
93 91 1 
89 92 1 
89 92 1 
91 92 1 
89 90 1 
88 90 1 
93 93 1 
90 93 1 
95 90 1 
86 92 1 
92 90 1 
95 91 1 
87 90 1 
88 93 1 
85 91 1 
90 91 1 
86 92 1 
89 93 1 
86 90 1 
86 91 1 
91 92 1 
88 91 1 
86 91 1 
94 93 1 
95 91 1 
94 91 1 
85 91 1 
90 91 1 
91 93 1 
91 93 1 
85 93 1 
92 93 1 
95 92 1 
91 93 1 
87 92 1 
86 91 1 
92 90 1 
93 93 1 
90 91 1 
85 92 1 
87 91 1 
86 90 1 
88 91 1 
89 91 1 
88 93 1 
89 91 1 
86 93 1 
90 90 1 
92 90 1 
91 92 1 
86 93 1 
88 90 1 
89 93 1 
88 92 1 
85 92 1 
88 93 1 
87 93 1 
93 92 1 
95 91 1 
88 92 1 
92 93 1 
86 90 1 
95 90 1 
90 93 1 
94 90 1 
86 90 1 
86 90 1 
91 93 1 
91 93 1 
86 92 1 
93 91 1 
86 91 1 
86 90 1 
92 92 1 
89 91 1 
92 92 1 
92 90 1 
88 93 1 
93 93 1 
90 93 1 
86 90 1 
90 91 1 
93 90 1 
95 93 1 
95 93 1 
88 90 1 
89 92 1 
87 92 1 
89 90 1 
85 92 1 
92 90 1 
92 93 1 
89 91 1 
85 90 1 
86 93 1 
92 92 1 
95 91 1 
93 92 1 
85 90 1 
92 92 1 
89 93 1 
91 92 1 
86 90 1 
86 91 1 
85 92 1 
87 91 1 
88 92 1 
89 93 1 
93 93 1 
86 92 1 
90 91 1 
94 93 1 
92 91 1 
92 91 1 
89 93 1 
91 92 1 
90 90 1 
89 91 1 
91 93 1 
88 92 1 
89 92 1 
85 93 1 
90 90 1 
88 90 1 
95 91 1 
88 91 1 
95 90 1 
94 92 1 
95 90 1 
95 93 1 
94 92 1 
95 91 1 
86 92 1 
94 92 1 
93 90 1 
93 90 1 
89 91 1 
87 90 1 
88 92 1 
93 90 1 
88 90 1 
93 91 1 
85 91 1 
86 93 1 
85 92 1 
89 91 1 
94 91 1 
86 91 1 
91 90 1 
86 93 1 
89 93 1 
89 91 1 
93 93 1 
95 90 1 
85 93 1 
85 91 1 
90 90 1 
89 92 1 
85 93 1 
92 92 1 
90 92 1 
89 91 1 
89 93 1 
85 91 1 
94 93 1 
90 92 1 
88 93 1 
90 90 1 
95 93 1 
89 93 1 
93 90 1 
91 92 1 
92 90 1 
86 90 1 
85 93 1 
88 93 1 
90 90 1 
88 91 1 
92 91 1 
89 91 1 
88 93 1 
90 92 1 
87 91 1 
87 92 1 
91 92 1 
86 91 1 
92 91 1 
87 93 1 
86 91 1 
87 93 1 
90 91 1 
93 92 1 
89 91 1 
91 90 1 
93 92 1 
89 91 1 
93 93 1 
85 92 1 
92 90 1 
92 91 1 
88 93 1 
94 92 1 
93 91 1 
95 90 1 
88 92 1 
95 90 1 
89 90 1 
87 93 1 
90 91 1 
88 92 1 
92 93 1 
87 91 1 
89 93 1 
85 90 1 
92 91 1 
90 92 1 
88 93 1 
91 93 1 
85 90 1 
95 91 1 
89 90 1 
86 91 1 
85 91 1 
93 92 1 
87 93 1 
89 92 1 
90 93 1 
92 91 1 
95 90 1 
94 93 1 
91 90 1 
94 91 1 
92 92 1 
89 92 1 
93 93 1 
91 92 1 
92 92 1 
90 93 1 
91 93 1 
94 90 1 
89 90 1 
86 92 1 
88 93 1 
88 91 1 
94 92 1 
93 93 1 
87 90 1 
85 93 1 
88 93 1 
92 90 1 
92 92 1 
91 93 1 
87 91 1 
85 93 1 
85 93 1 
87 93 1 
92 93 1 
95 91 1 
95 92 1 
88 91 1 
91 90 1 
92 90 1 
86 91 1 
93 92 1 
95 92 1 
86 92 1 
93 90 1 
92 90 1 
90 90 1 
87 93 1 
90 90 1 
85 90 1 
94 91 1 
93 93 1 
89 91 1 
93 91 1 
88 93 1 
88 92 1 
93 90 1 
90 93 1 
93 90 1 
91 92 1 
85 92 1 
86 91 1 
86 90 1 
90 91 1 
85 93 1 
94 90 1 
88 92 1 
88 90 1 
91 90 1 
87 91 1 
92 92 1 
95 91 1 
93 91 1 
90 93 1 
89 91 1 
95 92 1 
90 93 1 
85 92 1 
94 91 1 
90 93 1 
92 90 1 
91 91 1 
85 91 1 
95 90 1 
89 92 1 
85 92 1 
94 92 1 
92 91 1 
92 93 1 
93 91 1 
95 90 1 
91 91 1 
92 90 1 
94 90 1 
86 92 1 
87 93 1 
89 92 1 
90 91 1 
85 92 1 
93 90 1 
92 90 1 
89 92 1 
88 93 1 
88 92 1 
92 93 1 
85 90 1 
95 92 1 
95 92 1 
92 91 1 
91 91 1 
91 90 1 
95 90 1 
85 91 1 
89 93 1 
90 92 1 
92 92 1 
86 91 1 
88 92 1 
86 90 1 
88 90 1 
91 91 1 
90 92 1 
89 93 1 
93 93 1 
87 91 1 
94 93 1 
93 92 1 
93 91 1 
92 92 1 
88 93 1 
89 91 1 
87 93 1 
92 92 1 
85 93 1 
93 91 1 
85 90 1 
90 90 1 
90 92 1 
93 92 1 
95 93 1 
86 91 1 
87 90 1 
85 91 1 
91 90 1 
85 91 1 
90 90 1 
90 92 1 
91 90 1 
85 92 1 
95 90 1 
88 93 1 
89 90 1 
95 90 1 
92 93 1 
85 93 1 
91 92 1 
94 90 1 
92 92 1 
94 91 1 
85 90 1 
87 92 1 
88 90 1 
86 92 1 
95 93 1 
95 92 1 
87 90 1 
85 92 1 
95 92 1 
86 92 1 
91 93 1 
92 93 1 
86 90 1 
91 92 1 
85 93 1 
93 91 1 
87 91 1 
92 93 1 
91 92 1 
94 90 1 
93 91 1 
85 92 1 
88 91 1 
95 91 1 
89 90 1 
91 92 1 
91 91 1 
90 92 1 
95 91 1 
91 91 1 
86 91 1 
86 91 1 
89 93 1 
91 93 1 
95 92 1 
93 91 1 
93 93 1 
85 91 1 
93 92 1 
88 91 1 
90 90 1 
89 93 1 
92 91 1 
85 93 1 
86 91 1 
93 93 1 
94 93 1 
86 92 1 
95 92 1 
90 90 1 
92 90 1 
90 91 1 
94 90 1 
90 93 1 
92 92 1 
86 92 1 
88 90 1 
93 92 1 
90 93 1 
95 93 1 
90 90 1 
91 90 1 
91 91 1 
88 90 1 
92 93 1 
86 92 1 
95 90 1 
87 93 1 
86 93 1 
85 92 1 
85 93 1 
91 93 1 
87 92 1 
86 92 1 
90 90 1 
91 91 1 
88 92 1 
92 91 1 
93 93 1 
94 92 1 
90 90 1 
87 93 1 
90 92 1 
89 90 1 
94 92 1 
89 93 1 
88 90 1 
91 90 1 
93 91 1 
90 90 1 
93 92 1 
93 92 1 
85 90 1 
90 92 1 
85 91 1 
86 91 1 
89 92 1 
89 90 1 
95 93 1 
94 93 1 
93 90 1 
94 91 1 
95 91 1 
87 92 1 
91 91 1 
85 90 1 
88 92 1 
91 92 1 
88 90 1 
93 92 1 
89 93 1 
86 90 1 
94 91 1 
90 93 1 
86 91 1 
89 91 1 
91 91 1 
95 92 1 
93 92 1 
88 91 1 
92 92 1 
95 91 1 
90 90 1 
85 90 1 
86 93 1 
93 91 1 
85 91 1 
89 90 1 
90 92 1 
93 90 1 
90 91 1 
93 91 1 
86 91 1 
87 92 1 
92 93 1 
85 90 1 
87 90 1 
87 93 1 
93 91 1 
95 91 1 
89 92 1 
85 91 1 
86 93 1 
93 91 1 
95 93 1 
86 93 1 
88 90 1 
89 90 1 
94 90 1 
87 92 1 
85 91 1 
85 90 1 
92 93 1 
85 93 1 
86 93 1 
88 90 1 
91 93 1 
85 93 1 
88 91 1 
92 92 1 
88 92 1 
95 93 1 
87 90 1 
87 91 1 
85 92 1 
86 92 1 
86 92 1 
88 90 1 
91 93 1 
88 91 1 
87 90 1 
85 91 1 
89 90 1 
86 92 1 
91 90 1 
85 90 1 
93 92 1 
93 90 1 
85 93 1 
90 91 1 
90 93 1 
90 91 1 
93 93 1 
92 91 1 
93 90 1 
85 90 1 
92 92 1 
93 92 1 
87 90 1 
91 90 1 
91 92 1 
95 92 1 
94 92 1 
95 93 1 
93 93 1 
87 90 1 
94 93 1 
91 90 1 
90 91 1 
85 93 1 
88 92 1 
87 91 1 
90 93 1 
90 91 1 
87 92 1 
95 91 1 
95 90 1 
89 90 1 
85 90 1 
86 90 1 
95 92 1 
89 91 1 
89 92 1 
93 92 1 
95 92 1 
85 91 1 
90 91 1 
94 90 1 
91 92 1 
93 92 1 
93 90 1 
89 92 1 
91 93 1 
92 90 1 
89 93 1 
92 92 1 
93 93 1 
86 91 1 
89 91 1 
87 90 1 
94 90 1 
91 93 1 
94 92 1 
92 90 1 
92 93 1 
92 92 1 
95 91 1 
86 93 1 
93 91 1 
90 90 1 
95 93 1 
95 92 1 
88 92 1 
89 93 1 
88 92 1 
89 91 1 
86 91 1 
87 92 1 
95 93 1 
93 91 1 
95 91 1 
90 91 1 
92 91 1 
89 93 1 
95 90 1 
85 90 1 
95 90 1 
88 93 1 
85 93 1 
95 90 1 
95 92 1 
88 92 1 
88 93 1 
94 92 1 
93 91 1 
94 90 1 
92 92 1 
89 92 1 
91 90 1 
91 93 1 
89 93 1 
93 91 1 
95 92 1 
85 92 1 
90 92 1 
95 93 1 
89 92 1 
87 93 1 
90 91 1 
93 92 1 
91 91 1 
92 91 1 
88 91 1 
90 91 1 
95 92 1 
91 92 1 
88 91 1 
87 93 1 
93 91 1 
90 92 1 
94 93 1 
85 91 1 
91 91 1 
89 93 1 
92 92 1 
95 93 1 
91 91 1 
95 93 1 
91 92 1 
95 90 1 
95 93 1 
94 91 1 
90 90 1 
92 91 1 
89 91 1 
94 90 1 
95 92 1 
88 92 1 
85 92 1 
92 92 1 
91 90 1 
93 91 1 
89 93 1 
93 93 1 
91 91 1 
94 90 1 
87 93 1 
88 93 1 
90 93 1 
89 93 1 
85 92 1 
89 90 1 
86 93 1 
89 91 1 
90 93 1 
91 91 1 
89 92 1 
85 93 1 
95 92 1 
90 90 1 
88 93 1 
86 90 1 
87 92 1 
95 91 1 
88 92 1 
93 93 1 
95 90 1 
89 91 1 
85 92 1 
87 92 1 
91 93 1 
93 90 1 
89 90 1 
85 91 1 
86 92 1 
85 93 1 
88 92 1 
95 92 1 
87 91 1 
85 93 1 
86 91 1 
85 93 1 
95 93 1 
93 90 1 
89 93 1 
89 93 1 
90 91 1 
90 93 1 
86 92 1 
89 90 1 
86 92 1 
94 90 1 
95 93 1 
87 92 1 
87 92 1 
91 90 1 
90 90 1 
89 93 1 
94 90 1 
85 90 1 
85 92 1 
94 91 1 
89 93 1 
93 90 1 
90 90 1 
90 90 1 
90 90 1 
92 92 1 
90 92 1 
85 91 1 
90 92 1 
88 91 1 
94 93 1 
86 90 1 
91 91 1 
95 92 1 
89 90 1 
85 93 1 
95 90 1 
89 92 1 
89 92 1 
94 90 1 
95 93 1 
86 91 1 
90 90 1 
85 93 1 
95 92 1 
90 91 1 
86 92 1 
89 91 1 
90 90 1 
93 91 1 
90 93 1 
94 93 1 
93 90 1 
90 93 1 
85 90 1 
93 91 1 
88 93 1 
92 93 1 
91 93 1 
91 93 1 
87 90 1 
94 91 1 
89 91 1 
85 93 1 
86 93 1 
91 92 1 
90 91 1 
92 91 1 
93 93 1 
95 90 1 
94 93 1 
92 92 1 
94 90 1 
95 91 1 
86 91 1 
95 92 1 
88 92 1 
88 90 1 
86 91 1 
92 92 1 
88 90 1 
87 91 1 
92 90 1 
88 92 1 
86 91 1 
90 90 1 
90 91 1 
95 90 1 
92 93 1 
88 92 1 
93 90 1 
91 93 1 
92 93 1 
94 93 1 
90 90 1 
95 91 1 
92 92 1 
93 91 1 
91 92 1 
87 92 1 
88 93 1 
87 93 1 
95 93 1 
95 93 1 
89 92 1 
88 93 1 
89 92 1 
94 93 1 
91 92 1 
86 92 1 
90 90 1 
