6 27 0 
44 48 0 
42 44 0 
44 34 0 
23 44 0 
22 30 0 
25 28 0 
42 39 0 
28 31 0 
14 45 0 
36 33 0 
43 27 0 
32 28 0 
37 28 0 
13 37 0 
9 38 0 
14 27 0 
41 48 0 
44 40 0 
26 41 0 
10 44 0 
8 30 0 
22 35 0 
38 48 0 
7 41 0 
46 11 1 
48 35 1 
46 31 1 
46 28 1 
48 26 1 
46 27 1 
48 31 1 
48 33 1 
46 35 1 
47 12 1 
48 17 1 
48 28 1 
47 27 1 
47 20 1 
48 32 1 
48 25 1 
46 27 1 
48 31 1 
47 28 1 
48 22 1 
48 35 1 
46 25 1 
47 14 1 
47 23 1 
47 28 1 
6 30 2 
12 57 2 
10 52 2 
11 43 2 
10 31 2 
6 49 2 
10 41 2 
8 47 2 
12 53 2 
6 39 2 
9 51 2 
9 36 2 
10 49 2 
8 30 2 
7 37 2 
8 43 2 
10 57 2 
10 52 2 
11 51 2 
6 32 2 
9 42 2 
9 40 2 
11 53 2 
7 40 2 
10 30 2 
48 49 3 
67 91 3 
61 68 3 
51 85 3 
57 84 3 
52 62 3 
65 57 3 
52 61 3 
50 89 3 
56 79 3 
57 80 3 
52 80 3 
59 55 3 
54 55 3 
60 70 3 
66 51 3 
49 67 3 
54 65 3 
57 72 3 
63 84 3 
55 67 3 
65 73 3 
48 70 3 
63 79 3 
58 55 3 
24 50 4 
40 85 4 
25 65 4 
24 52 4 
30 78 4 
25 67 4 
26 81 4 
26 58 4 
38 53 4 
36 54 4 
36 74 4 
38 64 4 
40 81 4 
25 66 4 
34 63 4 
30 61 4 
38 55 4 
34 85 4 
26 68 4 
34 64 4 
25 76 4 
32 73 4 
28 72 4 
40 76 4 
24 56 4 
43 37 5 
75 43 5 
54 41 5 
56 41 5 
58 37 5 
59 39 5 
50 41 5 
65 43 5 
57 43 5 
53 43 5 
61 37 5 
55 38 5 
56 39 5 
56 41 5 
65 38 5 
49 42 5 
68 38 5 
59 41 5 
65 39 5 
47 37 5 
67 38 5 
66 37 5 
46 41 5 
75 43 5 
72 39 5 
18 28 6 
41 34 6 
40 29 6 
41 30 6 
33 29 6 
40 28 6 
23 29 6 
29 34 6 
22 29 6 
24 32 6 
39 34 6 
19 32 6 
41 31 6 
28 32 6 
23 32 6 
37 30 6 
35 31 6 
24 29 6 
27 28 6 
39 28 6 
20 28 6 
35 29 6 
21 34 6 
35 33 6 
29 28 6 
32 29 7 
63 65 7 
36 50 7 
58 51 7 
36 36 7 
55 35 7 
56 43 7 
33 53 7 
62 45 7 
63 64 7 
56 40 7 
40 60 7 
51 60 7 
36 39 7 
39 29 7 
55 34 7 
62 51 7 
59 38 7 
57 46 7 
44 50 7 
47 29 7 
42 65 7 
55 54 7 
59 47 7 
41 60 7 
37 43 8 
85 80 8 
59 47 8 
48 63 8 
43 49 8 
49 50 8 
65 70 8 
80 61 8 
74 45 8 
67 67 8 
50 74 8 
85 44 8 
54 48 8 
71 65 8 
71 58 8 
75 63 8 
40 68 8 
44 47 8 
75 53 8 
70 66 8 
46 47 8 
76 78 8 
40 45 8 
58 48 8 
51 79 8 
0 32 9 
36 66 9 
33 50 9 
20 61 9 
21 36 9 
16 61 9 
1 42 9 
5 48 9 
31 55 9 
18 65 9 
31 41 9 
35 64 9 
6 33 9 
23 59 9 
18 38 9 
16 49 9 
31 56 9 
27 51 9 
12 40 9 
25 43 9 
3 35 9 
4 59 9 
3 35 9 
21 46 9 
29 43 9 
