19 63 1
22 68 1
22 65 1
19 65 1
22 65 1
22 65 1
19 64 1
19 65 1
22 65 1
22 64 1
20 67 1
21 67 1
19 65 1
22 67 1
19 67 1
22 68 1
22 67 1
22 63 1
20 67 1
22 65 1
21 67 1
19 67 1
20 64 1
21 64 1
20 66 1
20 64 1
21 66 1
22 65 1
22 68 1
22 66 1
20 66 1
20 65 1
21 63 1
21 65 1
22 68 1
20 65 1
22 64 1
21 65 1
20 67 1
20 67 1
22 66 1
21 66 1
19 64 1
19 63 1
22 67 1
19 68 1
20 66 1
19 65 1
20 64 1
22 66 1
21 63 1
21 67 1
20 68 1
19 63 1
19 63 1
21 65 1
20 67 1
21 63 1
22 68 1
19 63 1
20 67 1
20 63 1
19 65 1
19 67 1
19 64 1
22 64 1
21 64 1
22 67 1
20 68 1
21 65 1
20 66 1
19 66 1
22 68 1
22 66 1
21 65 1
19 67 1
20 63 1
22 63 1
21 66 1
21 65 1
22 66 1
19 67 1
22 68 1
22 67 1
22 66 1
20 66 1
20 67 1
22 65 1
20 65 1
22 63 1
21 63 1
21 67 1
22 68 1
19 64 1
22 68 1
19 63 1
21 65 1
19 67 1
20 64 1
22 65 1
22 65 1
22 68 1
19 65 1
22 64 1
21 67 1
20 67 1
22 64 1
20 68 1
22 68 1
22 63 1
21 63 1
19 65 1
19 65 1
22 65 1
22 65 1
20 66 1
19 63 1
22 63 1
21 68 1
20 67 1
22 68 1
21 66 1
20 65 1
21 68 1
19 68 1
20 64 1
20 64 1
21 67 1
21 63 1
19 65 1
21 68 1
22 66 1
19 64 1
21 64 1
22 68 1
19 63 1
20 65 1
20 66 1
19 66 1
22 68 1
19 66 1
19 67 1
21 66 1
20 67 1
19 67 1
22 63 1
21 66 1
20 66 1
20 64 1
21 63 1
21 66 1
20 64 1
20 63 1
21 65 1
22 66 1
22 63 1
20 63 1
22 66 1
21 64 1
20 63 1
21 66 1
19 63 1
22 66 1
20 67 1
19 66 1
21 68 1
20 66 1
21 65 1
21 65 1
20 63 1
22 66 1
21 67 1
19 63 1
21 63 1
19 63 1
21 68 1
19 68 1
19 65 1
20 68 1
20 67 1
20 68 1
22 63 1
21 63 1
20 66 1
22 64 1
22 68 1
19 63 1
20 68 1
19 63 1
20 68 1
21 65 1
20 68 1
20 64 1
20 65 1
22 67 1
20 64 1
22 68 1
22 63 1
21 65 1
21 64 1
22 64 1
22 64 1
21 64 1
22 67 1
22 68 1
20 67 1
21 64 1
20 66 1
21 65 1
21 65 1
22 67 1
22 67 1
19 66 1
19 66 1
19 66 1
22 63 1
22 64 1
21 65 1
20 64 1
19 67 1
22 66 1
21 65 1
20 67 1
21 67 1
22 68 1
19 68 1
22 63 1
20 65 1
21 63 1
21 66 1
21 64 1
21 63 1
22 64 1
21 68 1
19 68 1
19 64 1
20 66 1
21 66 1
22 64 1
20 67 1
19 68 1
20 64 1
19 63 1
21 66 1
21 64 1
19 64 1
21 63 1
22 66 1
22 63 1
20 63 1
20 66 1
19 67 1
20 66 1
22 68 1
19 66 1
20 64 1
20 68 1
19 65 1
20 65 1
22 63 1
19 68 1
21 68 1
21 64 1
19 68 1
22 67 1
22 68 1
21 67 1
22 66 1
22 65 1
19 63 1
19 66 1
21 63 1
20 65 1
21 63 1
19 67 1
22 68 1
19 64 1
19 64 1
22 64 1
22 64 1
21 65 1
21 67 1
19 67 1
21 65 1
22 67 1
21 65 1
21 67 1
20 67 1
21 67 1
21 64 1
22 68 1
21 65 1
20 64 1
22 68 1
19 64 1
19 63 1
20 68 1
19 64 1
22 64 1
19 64 1
19 65 1
22 64 1
22 68 1
20 64 1
21 67 1
19 66 1
22 66 1
19 68 1
20 64 1
21 64 1
19 64 1
20 67 1
19 64 1
20 67 1
21 65 1
20 63 1
19 64 1
21 66 1
22 66 1
21 67 1
21 66 1
19 65 1
19 63 1
21 67 1
21 63 1
20 67 1
21 67 1
19 63 1
22 64 1
22 66 1
22 67 1
20 68 1
20 63 1
19 67 1
21 64 1
19 68 1
20 63 1
22 63 1
21 65 1
22 64 1
20 65 1
19 68 1
19 64 1
19 65 1
21 66 1
19 64 1
19 64 1
20 65 1
22 65 1
22 63 1
19 68 1
19 67 1
20 65 1
19 63 1
20 67 1
19 68 1
21 67 1
19 65 1
19 68 1
21 67 1
19 65 1
22 65 1
21 64 1
19 67 1
19 68 1
21 63 1
19 67 1
20 66 1
19 67 1
22 65 1
19 67 1
22 67 1
19 64 1
19 67 1
22 66 1
20 65 1
22 63 1
20 65 1
20 68 1
22 66 1
22 65 1
20 63 1
19 64 1
19 63 1
19 64 1
20 66 1
19 63 1
22 66 1
20 63 1
20 68 1
19 68 1
20 67 1
20 65 1
20 64 1
19 66 1
19 67 1
22 64 1
20 65 1
21 66 1
19 66 1
22 67 1
20 67 1
20 67 1
20 64 1
22 65 1
21 68 1
20 67 1
21 63 1
22 64 1
22 64 1
20 67 1
20 65 1
20 63 1
20 65 1
21 66 1
20 63 1
20 68 1
22 64 1
22 64 1
22 65 1
22 68 1
22 65 1
19 67 1
20 68 1
19 63 1
22 67 1
21 64 1
21 68 1
20 67 1
20 67 1
21 65 1
22 63 1
19 66 1
19 63 1
21 68 1
19 67 1
20 67 1
19 65 1
21 66 1
20 64 1
21 65 1
21 65 1
19 66 1
20 66 1
22 63 1
21 63 1
20 64 1
22 66 1
21 67 1
22 65 1
20 68 1
19 66 1
19 68 1
21 64 1
22 67 1
21 68 1
22 68 1
22 64 1
22 68 1
19 66 1
21 66 1
22 65 1
21 64 1
19 68 1
20 65 1
19 66 1
21 68 1
22 68 1
21 64 1
19 67 1
22 67 1
20 63 1
19 67 1
22 64 1
22 63 1
21 63 1
19 65 1
19 64 1
21 63 1
21 63 1
22 63 1
19 65 1
22 65 1
21 68 1
20 65 1
22 66 1
20 65 1
20 65 1
20 66 1
20 66 1
22 68 1
19 65 1
22 66 1
20 64 1
20 68 1
21 67 1
20 64 1
21 68 1
20 64 1
20 68 1
21 66 1
20 66 1
22 64 1
21 64 1
21 66 1
20 66 1
19 67 1
20 65 1
19 65 1
22 67 1
22 63 1
22 64 1
21 66 1
21 64 1
22 68 1
21 64 1
20 64 1
19 68 1
22 66 1
20 67 1
22 63 1
22 65 1
22 65 1
20 63 1
22 67 1
21 63 1
19 68 1
20 66 1
19 66 1
19 67 1
22 68 1
22 63 1
21 65 1
19 66 1
21 65 1
20 65 1
22 68 1
19 64 1
21 67 1
20 67 1
22 68 1
19 64 1
22 66 1
20 68 1
20 68 1
20 65 1
22 63 1
22 63 1
19 65 1
22 68 1
19 66 1
21 68 1
22 64 1
22 64 1
20 66 1
22 63 1
21 65 1
22 66 1
20 68 1
21 65 1
21 67 1
19 64 1
19 64 1
22 68 1
19 65 1
22 64 1
19 67 1
20 67 1
22 65 1
19 66 1
21 67 1
21 65 1
21 67 1
21 63 1
21 64 1
19 63 1
22 67 1
21 68 1
21 67 1
20 66 1
22 67 1
19 64 1
19 65 1
19 68 1
22 68 1
22 68 1
22 67 1
22 67 1
19 66 1
20 63 1
21 63 1
22 63 1
19 67 1
21 64 1
20 67 1
19 66 1
22 66 1
19 63 1
21 65 1
21 63 1
22 65 1
20 67 1
20 63 1
19 67 1
19 64 1
20 68 1
20 67 1
19 63 1
20 66 1
19 66 1
20 67 1
20 64 1
19 65 1
20 65 1
22 64 1
19 68 1
21 65 1
21 66 1
19 64 1
19 63 1
20 64 1
20 65 1
21 63 1
21 65 1
20 66 1
19 65 1
20 66 1
21 66 1
19 67 1
21 68 1
22 65 1
19 67 1
21 68 1
19 67 1
19 63 1
22 66 1
20 68 1
21 64 1
21 67 1
21 63 1
20 65 1
22 66 1
21 65 1
21 63 1
20 65 1
19 64 1
21 68 1
20 68 1
20 63 1
20 63 1
20 66 1
21 64 1
21 67 1
21 63 1
20 68 1
22 63 1
20 68 1
19 67 1
19 63 1
20 65 1
19 66 1
21 65 1
22 68 1
19 63 1
19 63 1
19 68 1
21 64 1
19 63 1
20 64 1
22 66 1
22 63 1
20 64 1
20 65 1
22 66 1
22 67 1
19 66 1
21 63 1
19 67 1
22 67 1
22 64 1
21 65 1
21 64 1
20 68 1
20 63 1
21 66 1
19 63 1
19 67 1
19 66 1
20 67 1
20 63 1
22 65 1
21 68 1
19 65 1
21 68 1
21 68 1
19 68 1
20 66 1
20 66 1
19 67 1
21 66 1
20 64 1
21 68 1
19 65 1
20 64 1
19 67 1
20 64 1
22 64 1
22 67 1
20 66 1
20 64 1
19 63 1
22 65 1
22 68 1
22 64 1
19 64 1
21 66 1
20 65 1
19 67 1
21 63 1
22 63 1
22 64 1
22 64 1
20 64 1
19 66 1
22 65 1
19 65 1
20 65 1
21 66 1
20 64 1
19 63 1
19 66 1
20 67 1
19 66 1
21 65 1
22 64 1
21 67 1
21 65 1
22 67 1
22 63 1
19 64 1
19 65 1
22 64 1
20 63 1
22 66 1
22 66 1
22 65 1
21 66 1
19 66 1
19 68 1
20 64 1
22 66 1
22 68 1
20 63 1
21 64 1
21 64 1
22 63 1
21 67 1
22 63 1
22 63 1
21 66 1
20 67 1
19 65 1
19 68 1
21 67 1
21 63 1
19 64 1
21 63 1
20 68 1
19 67 1
22 67 1
21 64 1
20 68 1
21 66 1
22 67 1
19 68 1
20 67 1
22 65 1
22 65 1
22 63 1
22 64 1
21 66 1
22 63 1
22 66 1
19 65 1
21 68 1
22 63 1
21 65 1
22 63 1
22 67 1
19 65 1
19 64 1
21 65 1
19 67 1
20 65 1
22 68 1
22 67 1
22 65 1
21 67 1
19 68 1
20 64 1
20 68 1
20 66 1
22 65 1
19 66 1
22 67 1
19 67 1
22 68 1
19 65 1
20 68 1
20 63 1
19 66 1
22 68 1
22 64 1
21 68 1
22 65 1
22 65 1
22 68 1
20 63 1
21 65 1
20 67 1
19 66 1
20 63 1
20 66 1
19 64 1
21 68 1
22 63 1
20 64 1
21 63 1
19 64 1
21 64 1
20 67 1
21 65 1
20 67 1
22 68 1
20 63 1
20 68 1
22 67 1
21 64 1
20 65 1
20 66 1
22 68 1
22 68 1
19 65 1
20 66 1
22 68 1
22 65 1
21 63 1
21 66 1
21 68 1
19 66 1
19 68 1
19 67 1
19 68 1
19 65 1
19 68 1
22 64 1
19 68 1
21 67 1
22 64 1
22 63 1
19 64 1
22 68 1
21 63 1
19 63 1
19 68 1
22 67 1
20 68 1
21 64 1
22 65 1
21 68 1
21 68 1
22 66 1
19 67 1
19 64 1
22 66 1
19 66 1
22 66 1
19 67 1
19 66 1
22 68 1
20 68 1
20 64 1
21 63 1
19 68 1
19 67 1
19 68 1
22 66 1
22 66 1
20 65 1
22 68 1
19 64 1
19 64 1
22 63 1
21 65 1
20 64 1
19 63 1
22 67 1
19 63 1
20 67 1
20 65 1
21 63 1
22 63 1
22 64 1
21 68 1
20 63 1
20 63 1
21 66 1
19 67 1
20 67 1
19 63 1
20 63 1
21 67 1
19 66 1
21 68 1
19 66 1
20 63 1
21 63 1
20 65 1
20 65 1
20 63 1
20 68 1
20 65 1
19 67 1
22 67 1
21 67 1
20 67 1
19 64 1
20 68 1
19 65 1
22 67 1
22 65 1
20 66 1
19 65 1
20 68 1
22 67 1
21 67 1
19 63 1
19 64 1
22 64 1
20 64 1
22 64 1
19 65 1
21 64 1
20 63 1
20 63 1
20 66 1
19 67 1
19 66 1
19 66 1
19 68 1
22 67 1
19 65 1
19 67 1
19 64 1
22 66 1
22 68 1
22 63 1
21 64 1
21 65 1
22 64 1
20 68 1
21 67 1
21 67 1
21 63 1
21 68 1
19 65 1
21 65 1
22 64 1
22 66 1
19 64 1
19 68 1
19 65 1
20 63 1
20 65 1
21 65 1
21 64 1
21 68 1
20 64 1
19 63 1
19 65 1
20 68 1
19 66 1
19 66 1
19 68 1
21 63 1
20 66 1
21 65 1
19 63 1
19 63 1
20 64 1
19 63 1
21 65 1
21 66 1
22 66 1
22 68 1
20 65 1
21 66 1
19 67 1
19 65 1
21 67 1
85 90 -1
95 93 -1
92 93 -1
92 90 -1
88 91 -1
85 93 -1
95 90 -1
87 92 -1
95 90 -1
93 90 -1
85 90 -1
87 91 -1
94 91 -1
93 92 -1
87 90 -1
95 90 -1
94 91 -1
95 93 -1
95 92 -1
86 90 -1
90 91 -1
86 90 -1
95 91 -1
94 92 -1
94 92 -1
91 92 -1
92 92 -1
92 93 -1
90 93 -1
86 90 -1
87 92 -1
94 93 -1
85 92 -1
90 92 -1
92 92 -1
89 92 -1
94 93 -1
87 90 -1
92 92 -1
91 91 -1
93 90 -1
91 91 -1
95 92 -1
94 93 -1
92 93 -1
89 90 -1
93 90 -1
88 92 -1
94 93 -1
93 93 -1
88 90 -1
91 92 -1
86 90 -1
95 93 -1
93 92 -1
87 91 -1
86 92 -1
94 91 -1
93 90 -1
94 91 -1
89 92 -1
91 90 -1
90 91 -1
94 90 -1
92 91 -1
90 90 -1
95 93 -1
94 90 -1
94 93 -1
93 91 -1
93 92 -1
94 91 -1
87 91 -1
85 92 -1
91 93 -1
92 91 -1
86 93 -1
89 93 -1
87 92 -1
91 93 -1
90 90 -1
94 93 -1
94 90 -1
93 90 -1
93 91 -1
86 92 -1
89 91 -1
91 91 -1
91 91 -1
91 90 -1
90 93 -1
90 93 -1
86 90 -1
95 90 -1
90 92 -1
90 92 -1
90 93 -1
87 92 -1
88 92 -1
94 92 -1
87 91 -1
95 92 -1
87 90 -1
85 90 -1
87 91 -1
91 93 -1
94 91 -1
85 90 -1
93 92 -1
93 91 -1
94 92 -1
86 91 -1
90 92 -1
94 93 -1
91 92 -1
88 92 -1
85 90 -1
93 92 -1
92 93 -1
94 90 -1
93 92 -1
85 90 -1
92 91 -1
93 92 -1
88 93 -1
87 91 -1
93 91 -1
92 90 -1
93 92 -1
94 91 -1
92 93 -1
94 90 -1
88 91 -1
88 90 -1
90 91 -1
85 90 -1
85 93 -1
89 91 -1
89 92 -1
85 92 -1
94 93 -1
85 90 -1
94 90 -1
87 93 -1
85 93 -1
95 90 -1
92 93 -1
87 91 -1
94 91 -1
89 91 -1
85 93 -1
90 91 -1
91 91 -1
88 93 -1
92 91 -1
93 91 -1
93 91 -1
89 92 -1
89 92 -1
91 92 -1
89 90 -1
88 90 -1
93 93 -1
90 93 -1
95 90 -1
86 92 -1
92 90 -1
95 91 -1
87 90 -1
88 93 -1
85 91 -1
90 91 -1
86 92 -1
89 93 -1
86 90 -1
86 91 -1
91 92 -1
88 91 -1
86 91 -1
94 93 -1
95 91 -1
94 91 -1
85 91 -1
90 91 -1
91 93 -1
91 93 -1
85 93 -1
92 93 -1
95 92 -1
91 93 -1
87 92 -1
86 91 -1
92 90 -1
93 93 -1
90 91 -1
85 92 -1
87 91 -1
86 90 -1
88 91 -1
89 91 -1
88 93 -1
89 91 -1
86 93 -1
90 90 -1
92 90 -1
91 92 -1
86 93 -1
88 90 -1
89 93 -1
88 92 -1
85 92 -1
88 93 -1
87 93 -1
93 92 -1
95 91 -1
88 92 -1
92 93 -1
86 90 -1
95 90 -1
90 93 -1
94 90 -1
86 90 -1
86 90 -1
91 93 -1
91 93 -1
86 92 -1
93 91 -1
86 91 -1
86 90 -1
92 92 -1
89 91 -1
92 92 -1
92 90 -1
88 93 -1
93 93 -1
90 93 -1
86 90 -1
90 91 -1
93 90 -1
95 93 -1
95 93 -1
88 90 -1
89 92 -1
87 92 -1
89 90 -1
85 92 -1
92 90 -1
92 93 -1
89 91 -1
85 90 -1
86 93 -1
92 92 -1
95 91 -1
93 92 -1
85 90 -1
92 92 -1
89 93 -1
91 92 -1
86 90 -1
86 91 -1
85 92 -1
87 91 -1
88 92 -1
89 93 -1
93 93 -1
86 92 -1
90 91 -1
94 93 -1
92 91 -1
92 91 -1
89 93 -1
91 92 -1
90 90 -1
89 91 -1
91 93 -1
88 92 -1
89 92 -1
85 93 -1
90 90 -1
88 90 -1
95 91 -1
88 91 -1
95 90 -1
94 92 -1
95 90 -1
95 93 -1
94 92 -1
95 91 -1
86 92 -1
94 92 -1
93 90 -1
93 90 -1
89 91 -1
87 90 -1
88 92 -1
93 90 -1
88 90 -1
93 91 -1
85 91 -1
86 93 -1
85 92 -1
89 91 -1
94 91 -1
86 91 -1
91 90 -1
86 93 -1
89 93 -1
89 91 -1
93 93 -1
95 90 -1
85 93 -1
85 91 -1
90 90 -1
89 92 -1
85 93 -1
92 92 -1
90 92 -1
89 91 -1
89 93 -1
85 91 -1
94 93 -1
90 92 -1
88 93 -1
90 90 -1
95 93 -1
89 93 -1
93 90 -1
91 92 -1
92 90 -1
86 90 -1
85 93 -1
88 93 -1
90 90 -1
88 91 -1
92 91 -1
89 91 -1
88 93 -1
90 92 -1
87 91 -1
87 92 -1
91 92 -1
86 91 -1
92 91 -1
87 93 -1
86 91 -1
87 93 -1
90 91 -1
93 92 -1
89 91 -1
91 90 -1
93 92 -1
89 91 -1
93 93 -1
85 92 -1
92 90 -1
92 91 -1
88 93 -1
94 92 -1
93 91 -1
95 90 -1
88 92 -1
95 90 -1
89 90 -1
87 93 -1
90 91 -1
88 92 -1
92 93 -1
87 91 -1
89 93 -1
85 90 -1
92 91 -1
90 92 -1
88 93 -1
91 93 -1
85 90 -1
95 91 -1
89 90 -1
86 91 -1
85 91 -1
93 92 -1
87 93 -1
89 92 -1
90 93 -1
92 91 -1
95 90 -1
94 93 -1
91 90 -1
94 91 -1
92 92 -1
89 92 -1
93 93 -1
91 92 -1
92 92 -1
90 93 -1
91 93 -1
94 90 -1
89 90 -1
86 92 -1
88 93 -1
88 91 -1
94 92 -1
93 93 -1
87 90 -1
85 93 -1
88 93 -1
92 90 -1
92 92 -1
91 93 -1
87 91 -1
85 93 -1
85 93 -1
87 93 -1
92 93 -1
95 91 -1
95 92 -1
88 91 -1
91 90 -1
92 90 -1
86 91 -1
93 92 -1
95 92 -1
86 92 -1
93 90 -1
92 90 -1
90 90 -1
87 93 -1
90 90 -1
85 90 -1
94 91 -1
93 93 -1
89 91 -1
93 91 -1
88 93 -1
88 92 -1
93 90 -1
90 93 -1
93 90 -1
91 92 -1
85 92 -1
86 91 -1
86 90 -1
90 91 -1
85 93 -1
94 90 -1
88 92 -1
88 90 -1
91 90 -1
87 91 -1
92 92 -1
95 91 -1
93 91 -1
90 93 -1
89 91 -1
95 92 -1
90 93 -1
85 92 -1
94 91 -1
90 93 -1
92 90 -1
91 91 -1
85 91 -1
95 90 -1
89 92 -1
85 92 -1
94 92 -1
92 91 -1
92 93 -1
93 91 -1
95 90 -1
91 91 -1
92 90 -1
94 90 -1
86 92 -1
87 93 -1
89 92 -1
90 91 -1
85 92 -1
93 90 -1
92 90 -1
89 92 -1
88 93 -1
88 92 -1
92 93 -1
85 90 -1
95 92 -1
95 92 -1
92 91 -1
91 91 -1
91 90 -1
95 90 -1
85 91 -1
89 93 -1
90 92 -1
92 92 -1
86 91 -1
88 92 -1
86 90 -1
88 90 -1
91 91 -1
90 92 -1
89 93 -1
93 93 -1
87 91 -1
94 93 -1
93 92 -1
93 91 -1
92 92 -1
88 93 -1
89 91 -1
87 93 -1
92 92 -1
85 93 -1
93 91 -1
85 90 -1
90 90 -1
90 92 -1
93 92 -1
95 93 -1
86 91 -1
87 90 -1
85 91 -1
91 90 -1
85 91 -1
90 90 -1
90 92 -1
91 90 -1
85 92 -1
95 90 -1
88 93 -1
89 90 -1
95 90 -1
92 93 -1
85 93 -1
91 92 -1
94 90 -1
92 92 -1
94 91 -1
85 90 -1
87 92 -1
88 90 -1
86 92 -1
95 93 -1
95 92 -1
87 90 -1
85 92 -1
95 92 -1
86 92 -1
91 93 -1
92 93 -1
86 90 -1
91 92 -1
85 93 -1
93 91 -1
87 91 -1
92 93 -1
91 92 -1
94 90 -1
93 91 -1
85 92 -1
88 91 -1
95 91 -1
89 90 -1
91 92 -1
91 91 -1
90 92 -1
95 91 -1
91 91 -1
86 91 -1
86 91 -1
89 93 -1
91 93 -1
95 92 -1
93 91 -1
93 93 -1
85 91 -1
93 92 -1
88 91 -1
90 90 -1
89 93 -1
92 91 -1
85 93 -1
86 91 -1
93 93 -1
94 93 -1
86 92 -1
95 92 -1
90 90 -1
92 90 -1
90 91 -1
94 90 -1
90 93 -1
92 92 -1
86 92 -1
88 90 -1
93 92 -1
90 93 -1
95 93 -1
90 90 -1
91 90 -1
91 91 -1
88 90 -1
92 93 -1
86 92 -1
95 90 -1
87 93 -1
86 93 -1
85 92 -1
85 93 -1
91 93 -1
87 92 -1
86 92 -1
90 90 -1
91 91 -1
88 92 -1
92 91 -1
93 93 -1
94 92 -1
90 90 -1
87 93 -1
90 92 -1
89 90 -1
94 92 -1
89 93 -1
88 90 -1
91 90 -1
93 91 -1
90 90 -1
93 92 -1
93 92 -1
85 90 -1
90 92 -1
85 91 -1
86 91 -1
89 92 -1
89 90 -1
95 93 -1
94 93 -1
93 90 -1
94 91 -1
95 91 -1
87 92 -1
91 91 -1
85 90 -1
88 92 -1
91 92 -1
88 90 -1
93 92 -1
89 93 -1
86 90 -1
94 91 -1
90 93 -1
86 91 -1
89 91 -1
91 91 -1
95 92 -1
93 92 -1
88 91 -1
92 92 -1
95 91 -1
90 90 -1
85 90 -1
86 93 -1
93 91 -1
85 91 -1
89 90 -1
90 92 -1
93 90 -1
90 91 -1
93 91 -1
86 91 -1
87 92 -1
92 93 -1
85 90 -1
87 90 -1
87 93 -1
93 91 -1
95 91 -1
89 92 -1
85 91 -1
86 93 -1
93 91 -1
95 93 -1
86 93 -1
88 90 -1
89 90 -1
94 90 -1
87 92 -1
85 91 -1
85 90 -1
92 93 -1
85 93 -1
86 93 -1
88 90 -1
91 93 -1
85 93 -1
88 91 -1
92 92 -1
88 92 -1
95 93 -1
87 90 -1
87 91 -1
85 92 -1
86 92 -1
86 92 -1
88 90 -1
91 93 -1
88 91 -1
87 90 -1
85 91 -1
89 90 -1
86 92 -1
91 90 -1
85 90 -1
93 92 -1
93 90 -1
85 93 -1
90 91 -1
90 93 -1
90 91 -1
93 93 -1
92 91 -1
93 90 -1
85 90 -1
92 92 -1
93 92 -1
87 90 -1
91 90 -1
91 92 -1
95 92 -1
94 92 -1
95 93 -1
93 93 -1
87 90 -1
94 93 -1
91 90 -1
90 91 -1
85 93 -1
88 92 -1
87 91 -1
90 93 -1
90 91 -1
87 92 -1
95 91 -1
95 90 -1
89 90 -1
85 90 -1
86 90 -1
95 92 -1
89 91 -1
89 92 -1
93 92 -1
95 92 -1
85 91 -1
90 91 -1
94 90 -1
91 92 -1
93 92 -1
93 90 -1
89 92 -1
91 93 -1
92 90 -1
89 93 -1
92 92 -1
93 93 -1
86 91 -1
89 91 -1
87 90 -1
94 90 -1
91 93 -1
94 92 -1
92 90 -1
92 93 -1
92 92 -1
95 91 -1
86 93 -1
93 91 -1
90 90 -1
95 93 -1
95 92 -1
88 92 -1
89 93 -1
88 92 -1
89 91 -1
86 91 -1
87 92 -1
95 93 -1
93 91 -1
95 91 -1
90 91 -1
92 91 -1
89 93 -1
95 90 -1
85 90 -1
95 90 -1
88 93 -1
85 93 -1
95 90 -1
95 92 -1
88 92 -1
88 93 -1
94 92 -1
93 91 -1
94 90 -1
92 92 -1
89 92 -1
91 90 -1
91 93 -1
89 93 -1
93 91 -1
95 92 -1
85 92 -1
90 92 -1
95 93 -1
89 92 -1
87 93 -1
90 91 -1
93 92 -1
91 91 -1
92 91 -1
88 91 -1
90 91 -1
95 92 -1
91 92 -1
88 91 -1
87 93 -1
93 91 -1
90 92 -1
94 93 -1
85 91 -1
91 91 -1
89 93 -1
92 92 -1
95 93 -1
91 91 -1
95 93 -1
91 92 -1
95 90 -1
95 93 -1
94 91 -1
90 90 -1
92 91 -1
89 91 -1
94 90 -1
95 92 -1
88 92 -1
85 92 -1
92 92 -1
91 90 -1
93 91 -1
89 93 -1
93 93 -1
91 91 -1
94 90 -1
87 93 -1
88 93 -1
90 93 -1
89 93 -1
85 92 -1
89 90 -1
86 93 -1
89 91 -1
90 93 -1
91 91 -1
89 92 -1
85 93 -1
95 92 -1
90 90 -1
88 93 -1
86 90 -1
87 92 -1
95 91 -1
88 92 -1
93 93 -1
95 90 -1
89 91 -1
85 92 -1
87 92 -1
91 93 -1
93 90 -1
89 90 -1
85 91 -1
86 92 -1
85 93 -1
88 92 -1
95 92 -1
87 91 -1
85 93 -1
86 91 -1
85 93 -1
95 93 -1
93 90 -1
89 93 -1
89 93 -1
90 91 -1
90 93 -1
86 92 -1
89 90 -1
86 92 -1
94 90 -1
95 93 -1
87 92 -1
87 92 -1
91 90 -1
90 90 -1
89 93 -1
94 90 -1
85 90 -1
85 92 -1
94 91 -1
89 93 -1
93 90 -1
90 90 -1
90 90 -1
90 90 -1
92 92 -1
90 92 -1
85 91 -1
90 92 -1
88 91 -1
94 93 -1
86 90 -1
91 91 -1
95 92 -1
89 90 -1
85 93 -1
95 90 -1
89 92 -1
89 92 -1
94 90 -1
95 93 -1
86 91 -1
90 90 -1
85 93 -1
95 92 -1
90 91 -1
86 92 -1
89 91 -1
90 90 -1
93 91 -1
90 93 -1
94 93 -1
93 90 -1
90 93 -1
85 90 -1
93 91 -1
88 93 -1
92 93 -1
91 93 -1
91 93 -1
87 90 -1
94 91 -1
89 91 -1
85 93 -1
86 93 -1
91 92 -1
90 91 -1
92 91 -1
93 93 -1
95 90 -1
94 93 -1
92 92 -1
94 90 -1
95 91 -1
86 91 -1
95 92 -1
88 92 -1
88 90 -1
86 91 -1
92 92 -1
88 90 -1
87 91 -1
92 90 -1
88 92 -1
86 91 -1
90 90 -1
90 91 -1
95 90 -1
92 93 -1
88 92 -1
93 90 -1
91 93 -1
92 93 -1
94 93 -1
90 90 -1
95 91 -1
92 92 -1
93 91 -1
91 92 -1
87 92 -1
88 93 -1
87 93 -1
95 93 -1
95 93 -1
89 92 -1
88 93 -1
89 92 -1
94 93 -1
91 92 -1
86 92 -1
90 90 -1
